%YAML:1.0
---
R: !!opencv-matrix
   rows: 3
   cols: 3
   dt: d
   data: [ 8.4454288282686718e-01, -6.0445960471020042e-02,
       -5.3206541414493436e-01, 5.4259176545302483e-02,
       9.9815440152586199e-01, -2.7271458985065059e-02,
       5.3273188456024512e-01, -5.8375146495979642e-03,
       8.4626394381162517e-01 ]
T: !!opencv-matrix
   rows: 3
   cols: 1
   dt: d
   data: [ 9.1932227188385855e+00, -8.5253169798322898e-02,
       3.9695452792915229e+00 ]
R1: !!opencv-matrix
   rows: 3
   cols: 3
   dt: d
   data: [ 9.8603583714452347e-01, -6.6303400885841163e-02,
       -1.5276513639463196e-01, 6.4366197351575963e-02,
       9.9777118101118245e-01, -1.7597243592336283e-02,
       1.5359140765419482e-01, 7.5186018993881037e-03,
       9.8810583953353970e-01 ]
R2: !!opencv-matrix
   rows: 3
   cols: 3
   dt: d
   data: [ 9.1803836678439610e-01, -8.5134107111822128e-03,
       3.9640015003768780e-01, 3.4116612011438254e-03,
       9.9990205541449684e-01, 1.3573508968317920e-02,
       -3.9647688164593820e-01, -1.1108618992796771e-02,
       9.1797749477009816e-01 ]
P1: !!opencv-matrix
   rows: 3
   cols: 4
   dt: d
   data: [ -1.3366340137921777e+03, 0., -5.0853576660156250e+03, 0., 0.,
       -1.3366340137921777e+03, 2.0619532470703125e+03, 0., 0., 0., 1.,
       0. ]
P2: !!opencv-matrix
   rows: 3
   cols: 4
   dt: d
   data: [ -1.3366340137921777e+03, 0., -5.0853576660156250e+03,
       -1.3385033378732987e+04, 0., -1.3366340137921777e+03,
       2.0619532470703125e+03, 0., 0., 0., 1., 0. ]
Q: !!opencv-matrix
   rows: 4
   cols: 4
   dt: d
   data: [ 1., 0., 0., 5.0853576660156250e+03, 0., 1., 0.,
       -2.0619532470703125e+03, 0., 0., 0., -1.3366340137921777e+03, 0.,
       0., -9.9860342217443318e-02, 0. ]
