%YAML:1.0
---
M1: !!opencv-matrix
   rows: 3
   cols: 3
   dt: d
   data: [ 3.1650991572767512e+03, 0., 1.5109704461571168e+03, 0.,
       3.1678788094378865e+03, 2.0099954399799230e+03, 0., 0., 1. ]
D1: !!opencv-matrix
   rows: 1
   cols: 14
   dt: d
   data: [ 1.5975415091160799e-01, 7.9385052780257714e-01, 0., 0., 0.,
       0., 0., 1.0187076317396116e+01, 0., 0., 0., 0., 0., 0. ]
M2: !!opencv-matrix
   rows: 3
   cols: 3
   dt: d
   data: [ 3.1650991572767512e+03, 0., 1.5206281744948406e+03, 0.,
       3.1678788094378865e+03, 2.0095476209794604e+03, 0., 0., 1. ]
D2: !!opencv-matrix
   rows: 1
   cols: 14
   dt: d
   data: [ 1.3391702469828337e-01, 9.8181207141751470e-01, 0., 0., 0.,
       0., 0., 1.1149890178888333e+01, 0., 0., 0., 0., 0., 0. ]
